0 0.188325 0.533532 0.246462 0.217959
0 0.506132 0.519910 0.264151 0.111075
0 0.857547 0.496856 0.242925 0.127841
1 0.286122 0.632851 0.007448 0.014891
1 0.261606 0.616306 0.023585 0.035848
1 0.266416 0.623751 0.022033 0.041915
1 0.271382 0.634506 0.018309 0.041364
1 0.278985 0.640572 0.006827 0.045776
1 0.591795 0.628439 0.011172 0.036952
1 0.585588 0.616581 0.018620 0.047430
1 0.581709 0.609136 0.021413 0.049085
1 0.576744 0.600863 0.020792 0.042467
1 0.604518 0.623199 0.013654 0.031988
1 0.873200 0.662192 0.009930 0.018200
1 0.856287 0.657504 0.016447 0.030885
1 0.855822 0.647025 0.024826 0.040812
1 0.855201 0.622207 0.022344 0.013236